FA
03
95
01
80
A1
30
AC
53
74
61
72
74
43
69
72
63
75
69
74
93
B5
68
74
74
70
73
3A
2F
2F
77
77
77
2E
6D
68
64
68
62
2E
63
7A
2F
B5
68
74
74
70
73
3A
2F
2F
77
77
77
2E
6D
68
64
68
62
2E
63
7A
2F
DA
01
B8
5B
7B
22
74
79
70
65
22
3A
22
73
65
72
76
65
72
22
2C
22
73
65
71
75
65
6E
63
65
22
3A
30
2C
22
64
65
73
63
72
69
70
74
6F
72
22
3A
22
43
66
44
4A
38
48
4E
54
54
33
31
55
51
63
46
47
6D
61
55
79
73
75
78
31
51
50
75
4F
62
44
35
4A
76
6A
67
38
57
4E
68
75
61
63
59
6E
4F
79
6B
46
68
4E
6B
31
33
30
35
7A
48
31
7A
52
64
49
62
52
33
46
6E
31
5A
41
78
49
52
4A
76
46
47
73
79
41
4D
66
43
57
76
4E
35
70
65
36
72
2F
34
73
53
39
6A
6E
35
72
69
6C
6F
4B
44
4C
52
59
33
7A
4B
4D
31
33
2B
56
37
4C
45
78
52
4F
73
37
59
41
32
55
6C
7A
61
45
57
39
61
66
42
67
2B
37
71
46
54
39
41
41
31
6E
4F
32
58
70
54
4F
63
37
37
66
38
55
64
72
4D
72
50
32
2F
32
64
68
6F
63
54
31
70
46
48
4C
2F
4B
2F
79
4D
4D
66
58
44
6D
63
42
70
45
58
68
6D
64
38
6E
76
54
4D
4C
38
73
68
7A
39
36
55
44
51
34
73
53
71
4E
65
2B
37
67
4E
4C
63
36
7A
6E
34
44
50
59
33
33
76
6C
6C
50
37
55
70
48
64
2B
62
52
75
65
75
76
61
5A
72
45
74
37
64
4A
56
54
36
71
59
69
71
6A
49
45
53
75
78
6F
4E
6B
67
61
6E
36
6C
38
6A
4A
41
42
74
58
48
62
4F
4E
74
74
74
59
75
67
6D
31
51
31
5A
2F
53
72
55
35
72
43
41
35
42
49
33
6A
6D
76
4D
56
4C
45
68
51
48
69
47
41
51
78
7A
34
69
55
30
47
54
58
73
65
71
75
43
2F
6D
50
6C
43
73
4B
6D
50
2B
52
64
38
68
55
73
47
4A
73
4E
68
4D
61
31
70
72
74
77
6B
4D
48
78
59
44
32
37
4E
69
4D
53
50
78
50
6D
58
58
42
2B
68
4F
51
3D
3D
22
7D
5D
